ALB: 17.63693780641045
ARE: 10.946707379199943
ARG: 14.553029574336113
ARM: 14.841854768849833
AUS: 11.538591508069032
AUT: 14.068766886271877
AZE: 15.42340873359045
BEL: 13.264388635640085
BGD: 5.592259237669985
BGR: 13.632594333495765
BIH: 12.351625105651525
BLR: 15.010363688922919
BOL: 14.43983995686006
BRA: 12.373777230883366
CAN: 14.514760006658298
CHE: 14.455417336176145
CHL: 11.380950352396122
CHN: 11.346442921410537
CMR: 11.621999278047628
COL: 10.668130874319354
CRI: 11.89059167387259
CYP: 12.879061364725866
CZE: 14.29418535211679
DEU: 11.602943607060956
DNK: 12.435361370061692
DOM: 12.638856309145783
DZA: 19.38225789953715
ECU: 17.13377274891642
EGY: 12.972421416219497
ESP: 12.483878474671569
EST: 15.699012561049697
FIN: 15.269730007566396
FRA: 12.629740016259957
GBR: 12.756011611326203
GEO: 16.540991885842708
GRC: 11.768463779165137
HRV: 14.190593723170357
HUN: 13.756972121206772
IDN: 14.963087924651374
IND: 7.67027273437305
IRL: 13.630047894297515
IRN: 14.178825436119794
IRQ: 9.925230310783132
ISL: 13.445996587833998
ISR: 13.457033793728558
ITA: 11.851525335500886
JOR: 12.062506403817807
JPN: 13.295166400361985
KAZ: 18.50663356762526
KGZ: 15.943493692013437
KOR: 13.501506559374496
KWT: 9.612590410089638
LBN: 13.012901358073394
LKA: 14.944856456635694
LTU: 14.160349241870993
LUX: 13.41752465032877
LVA: 14.270334889350632
MAR: 17.877387960570985
MDA: 15.384061857772426
MEX: 9.487373186277523
MKD: 14.536994563653604
MNE: 16.514153677328835
MUS: 17.540738616482514
MYS: 18.33830214549286
NLD: 12.787070789416816
NOR: 13.13512093789584
NPL: 15.697908155943397
NZL: 14.016607272281858
OMN: 14.78630173163082
PAK: 0.0
PAN: 17.043960978926073
PER: 11.250933002354836
PHL: 12.060891335462971
POL: 13.859333865415689
PRT: 13.06027833521065
QAT: 8.019859811813426
ROU: 14.4563020589334
RUS: 20.34012471027321
SAU: 8.694432757081174
SGP: 12.375906386374082
SLV: 15.361434087440513
SRB: 15.9091190408351
SVK: 14.103456980139747
SVN: 12.303946378270586
SWE: 15.36500617605748
SYR: 14.29211330436106
THA: 11.532832513760225
TUN: 19.054884124229186
TUR: 11.143835465954906
UKR: 15.690608572913831
URY: 16.099602129629353
USA: 12.083310966949703
UZB: 18.831478349273684
VEN: 4.441792346979163
VNM: 12.991602185457321
ZAF: 12.915312011079463
