AUT: -0.8785430905031377
BGR: -0.9849298818402388
CZE: -0.9649462959047268
DNK: -0.937601467947776
ESP: -0.9698561798236026
EST: -0.9916245264829103
FIN: -0.9825573685889281
FRA: -0.9921513534435489
GLP: -0.9952334703561279
GRC: -0.9642725308122095
HRV: -0.9982761648430808
HUN: -0.9930974916585731
IRL: -0.8884237839077659
LTU: -0.9949575133767458
LUX: -0.8619139946027116
LVA: -0.9979177791555717
MLT: 0.0
MTQ: -1.0
NLD: -0.687688376476997
POL: -0.9645341523640912
ROU: -0.9842166943220956
SVK: -0.9957746327442667
SVN: -0.9193237978848077
SWE: -0.9757193696712528
